A	B	C	D	E	F	samples
0.691738	0.308222	1e-05	1e-05	1e-05	1e-05	AB1
1e-05	0.99995	1e-05	1e-05	1e-05	1e-05	BRC20067
1e-05	0.816856	1.4e-05	0.06871	1e-05	0.1144	BRC20263
0.99995	1e-05	1e-05	1e-05	1e-05	1e-05	CB4851
0.513124	0.486836	1e-05	1e-05	1e-05	1e-05	CB4852
0.002928	0.945726	1e-05	0.051316	1e-05	1e-05	CB4853
0.009828	0.922629	1e-05	1e-05	1e-05	0.067514	CB4854
1e-05	0.917035	1e-05	0.082925	1e-05	1e-05	CB4855
1e-05	1e-05	0.099617	0.818895	1e-05	0.081458	CB4856
1e-05	0.909813	1e-05	0.090147	1e-05	1e-05	CB4857
1e-05	0.99995	1e-05	1e-05	1e-05	1e-05	CB4858
0.573068	1e-05	0.426891	1e-05	1.1e-05	1e-05	CB4932
1e-05	0.722431	1e-05	0.26392	1e-05	0.013618	CX11254
1e-05	0.603174	1e-05	0.396786	1e-05	1e-05	CX11262
1e-05	0.503994	1e-05	0.495966	1e-05	1e-05	CX11264
1e-05	0.884789	1e-05	1e-05	1e-05	0.115171	CX11271
0.032368	0.797162	1e-05	0.062458	1e-05	0.107992	CX11276
1.8e-05	0.586476	1e-05	0.296612	1e-05	0.116875	CX11285
1e-05	0.99995	1e-05	1e-05	1e-05	1e-05	CX11292
1e-05	0.668834	0.057739	0.205371	1e-05	0.068036	CX11307
1e-05	0.795027	1e-05	0.204933	1e-05	1e-05	CX11314
1e-05	0.754401	1e-05	0.245559	1e-05	1e-05	CX11315
1e-05	0.251615	0.748345	1e-05	1e-05	1e-05	DL200
0.033219	0.768009	1e-05	0.198743	1e-05	1e-05	DL226
1e-05	1e-05	0.18333	0.769352	1e-05	0.047287	DL238
1e-05	0.027225	1e-05	0.972735	1e-05	1e-05	ECA189
1e-05	1e-05	1e-05	1e-05	0.99995	1e-05	ECA191
0.99995	1e-05	1e-05	1e-05	1e-05	1e-05	ECA252
1e-05	1e-05	1e-05	1e-05	0.99995	1e-05	ECA347
1e-05	0.322252	1e-05	0.677708	1e-05	1e-05	ECA348
1e-05	0.677063	1e-05	0.322897	1e-05	1e-05	ECA349
1e-05	1e-05	1e-05	1e-05	0.99995	1e-05	ECA36
1e-05	1e-05	1e-05	1e-05	0.99995	1e-05	ECA363
0.006675	1e-05	0.163812	0.549508	0.227035	0.052961	ECA369
1e-05	0.048334	1e-05	0.92241	1e-05	0.029226	ECA372
1.2e-05	1e-05	1e-05	1e-05	0.999948	1e-05	ECA396
0.01132	1e-05	1e-05	0.093393	0.87032	0.024946	ECA701
1e-05	1e-05	0.087192	0.776205	0.136573	1e-05	ECA703
1e-05	1e-05	1e-05	0.99995	1e-05	1e-05	ECA705
1e-05	1e-05	0.125952	0.874008	1e-05	1e-05	ECA706
1e-05	1e-05	1e-05	0.99995	1e-05	1e-05	ECA710
1e-05	1e-05	1e-05	0.99995	1e-05	1e-05	ECA712
1e-05	1.5e-05	1.2e-05	1e-05	0.999943	1e-05	ECA722
1e-05	1e-05	1e-05	1e-05	0.99995	1e-05	ECA723
1e-05	1e-05	1e-05	0.063863	0.936097	1e-05	ECA724
1e-05	1e-05	1e-05	1e-05	0.99995	1e-05	ECA730
1.1e-05	1.9e-05	0.098457	0.901493	1e-05	1e-05	ECA732
1e-05	1.4e-05	0.102818	0.897139	1e-05	1e-05	ECA733
1e-05	1e-05	1e-05	0.99995	1e-05	1e-05	ECA738
1e-05	1e-05	1e-05	1e-05	0.99995	1e-05	ECA740
1e-05	1e-05	1e-05	1e-05	0.99995	1e-05	ECA741
1e-05	1e-05	1e-05	1e-05	0.99995	1e-05	ECA742
0.043061	0.060104	1e-05	0.896806	1e-05	1e-05	ECA743
1e-05	1e-05	1e-05	1e-05	0.99995	1e-05	ECA744
1.4e-05	1.3e-05	1e-05	1e-05	0.999943	1e-05	ECA745
1e-05	1e-05	1e-05	1e-05	0.99995	1e-05	ECA746
1e-05	1e-05	1e-05	0.99995	1e-05	1e-05	ECA760
1e-05	1e-05	1e-05	0.99995	1e-05	1e-05	ECA768
1e-05	1e-05	1e-05	0.99995	1e-05	1e-05	ECA777
1e-05	1e-05	1e-05	0.99995	1e-05	1e-05	ECA778
1e-05	1e-05	1e-05	0.99995	1e-05	1e-05	ECA807
1e-05	1e-05	1e-05	0.99995	1e-05	1e-05	ECA812
1e-05	0.99995	1e-05	1e-05	1e-05	1e-05	ED3005
1e-05	0.99995	1e-05	1e-05	1e-05	1e-05	ED3011
0.99995	1e-05	1e-05	1e-05	1e-05	1e-05	ED3012
0.143293	0.335644	0.521033	1e-05	1e-05	1e-05	ED3017
1e-05	0.73918	1e-05	1e-05	1e-05	0.26078	ED3040
1e-05	0.558744	0.321373	1e-05	1e-05	0.119853	ED3046
1e-05	0.99995	1e-05	1e-05	1e-05	1e-05	ED3048
1e-05	0.565851	0.314888	1e-05	1e-05	0.119231	ED3049
1e-05	0.65897	0.044131	1e-05	1e-05	0.296869	ED3052
1e-05	0.99995	1e-05	1e-05	1e-05	1e-05	ED3073
1e-05	0.877819	0.056366	1e-05	1e-05	0.065785	ED3077
0.481821	0.518139	1e-05	1e-05	1e-05	1e-05	EG4347
1e-05	0.580827	0.283414	1e-05	1e-05	0.135728	EG4349
0.052277	0.38857	0.128154	1e-05	1e-05	0.430978	EG4724
0.028249	0.258083	1e-05	1e-05	1e-05	0.713638	EG4725
0.111968	0.887992	1e-05	1e-05	1e-05	1e-05	EG4946
1e-05	0.975009	0.024951	1e-05	1e-05	1e-05	GXW1
0.338522	0.457549	0.203899	1e-05	1e-05	1e-05	JT11398
1e-05	0.99995	1e-05	1e-05	1e-05	1e-05	JU1088
1e-05	0.99995	1e-05	1e-05	1e-05	1e-05	JU1172
0.99995	1e-05	1e-05	1e-05	1e-05	1e-05	JU1200
0.67952	1e-05	0.32044	1e-05	1e-05	1e-05	JU1212
1e-05	1e-05	0.99995	1e-05	1e-05	1e-05	JU1213
1e-05	1e-05	0.99995	1e-05	1e-05	1e-05	JU1242
0.239066	1e-05	0.760894	1e-05	1e-05	1e-05	JU1246
0.99995	1e-05	1e-05	1e-05	1e-05	1e-05	JU1249
0.555094	0.444866	1e-05	1e-05	1e-05	1e-05	JU1395
1e-05	0.298917	0.448235	1e-05	1e-05	0.252817	JU1400
1e-05	0.723546	0.23662	1e-05	1e-05	0.039805	JU1409
0.117037	0.589963	0.29297	1e-05	1e-05	1e-05	JU1440
0.033609	0.116567	0.422852	1e-05	1e-05	0.426952	JU1491
1e-05	0.338914	0.661046	1e-05	1e-05	1e-05	JU1530
0.965136	0.034821	1e-05	1.3e-05	1e-05	1e-05	JU1543
0.99995	1e-05	1e-05	1e-05	1e-05	1e-05	JU1568
1e-05	1e-05	0.999941	1.9e-05	1e-05	1e-05	JU1580
0.182216	1e-05	0.817744	1e-05	1e-05	1e-05	JU1581
0.99995	1e-05	1e-05	1e-05	1e-05	1e-05	JU1586
0.461713	0.390841	0.089115	1e-05	1e-05	0.05831	JU1652
1e-05	0.038804	0.961156	1e-05	1e-05	1e-05	JU1666
0.654361	1e-05	0.345599	1e-05	1e-05	1e-05	JU1792
1e-05	1e-05	0.999941	1.9e-05	1e-05	1e-05	JU1793
0.1942	0.476634	0.329136	1e-05	1e-05	1e-05	JU1808
0.964696	0.035264	1e-05	1e-05	1e-05	1e-05	JU1896
0.05599	1e-05	0.94397	1e-05	1e-05	1e-05	JU1934
0.055497	1e-05	0.596211	0.181188	1e-05	0.167084	JU2001
1e-05	0.63067	0.258343	1e-05	1e-05	0.110958	JU2007
1e-05	0.999946	1e-05	1.4e-05	1e-05	1e-05	JU2016
0.088347	0.68027	0.010555	0.220808	1e-05	1e-05	JU2017
0.140941	1e-05	0.859019	1e-05	1e-05	1e-05	JU2106
0.048935	0.01493	0.849167	1e-05	1e-05	0.086949	JU2131
0.161478	1e-05	0.838482	1e-05	1e-05	1e-05	JU2141
0.727088	0.197049	1e-05	1e-05	1e-05	0.075833	JU2234
1e-05	1e-05	0.99995	1e-05	1e-05	1e-05	JU2250
0.99995	1e-05	1e-05	1e-05	1e-05	1e-05	JU2257
1e-05	1e-05	0.11129	1e-05	1e-05	0.88867	JU2316
1e-05	0.745712	0.191491	1e-05	1e-05	0.062767	JU2464
1e-05	0.99995	1e-05	1e-05	1e-05	1e-05	JU2466
1e-05	0.623119	0.376841	1e-05	1e-05	1e-05	JU2478
0.194368	0.76293	0.042672	1e-05	1e-05	1e-05	JU2513
1e-05	1e-05	1e-05	1e-05	1e-05	0.99995	JU2519
1e-05	0.138524	1e-05	1e-05	1e-05	0.861436	JU2522
1e-05	1e-05	0.020624	1e-05	1e-05	0.979336	JU2526
1e-05	0.462525	0.537435	1e-05	1e-05	1e-05	JU2534
0.99995	1e-05	1e-05	1e-05	1e-05	1e-05	JU2565
0.769659	0.090553	0.139753	1.5e-05	1e-05	1e-05	JU2566
1e-05	1e-05	0.99995	1e-05	1e-05	1e-05	JU2570
0.684946	1e-05	0.315014	1e-05	1e-05	1e-05	JU2572
0.840594	1e-05	0.159366	1e-05	1e-05	1e-05	JU2575
0.026702	0.233474	0.695794	0.044009	1e-05	1e-05	JU2576
1e-05	0.942324	1e-05	1e-05	1e-05	0.057636	JU2578
0.101531	0.022849	0.201159	1e-05	1e-05	0.674441	JU258
0.005183	0.702425	0.026397	0.265975	1e-05	1e-05	JU2581
1e-05	0.377459	0.061408	1e-05	1e-05	0.561103	JU2586
1e-05	0.746318	0.210141	1e-05	1e-05	0.043511	JU2587
0.803232	1e-05	0.106942	1e-05	1e-05	0.089795	JU2592
0.020559	0.673314	0.133379	0.172727	1e-05	1e-05	JU2593
1e-05	1e-05	0.99995	1e-05	1e-05	1e-05	JU2600
1e-05	1e-05	0.99995	1e-05	1e-05	1e-05	JU2610
1e-05	0.919928	1e-05	1e-05	1e-05	0.080032	JU2619
0.530148	0.030065	0.439752	1.4e-05	1e-05	1e-05	JU2800
1e-05	0.566026	1e-05	0.136233	1e-05	0.297711	JU2811
0.99995	1e-05	1e-05	1e-05	1e-05	1e-05	JU2825
1e-05	0.750254	0.05907	0.190646	1e-05	1e-05	JU2829
1.3e-05	0.438243	0.069169	0.26299	1e-05	0.229575	JU2838
1e-05	0.488299	0.511661	1e-05	1e-05	1e-05	JU2841
0.32116	0.649448	1e-05	1e-05	1e-05	0.029362	JU2853
1e-05	0.702673	0.180029	1e-05	1e-05	0.117268	JU2862
1e-05	0.687387	1e-05	0.312573	1e-05	1e-05	JU2866
1e-05	0.92098	1e-05	0.07898	1e-05	1e-05	JU2878
1e-05	0.449617	1e-05	0.550343	1e-05	1e-05	JU2879
0.410255	0.23689	0.352825	1e-05	1e-05	1e-05	JU2906
0.727371	0.272589	1e-05	1e-05	1e-05	1e-05	JU2907
1e-05	0.33914	0.66082	1e-05	1e-05	1e-05	JU310
0.797237	0.038833	0.163897	1e-05	1.3e-05	1e-05	JU311
0.278136	0.470796	1e-05	1.2e-05	1e-05	0.251036	JU3125
0.257003	0.403505	1e-05	1e-05	1e-05	0.339461	JU3127
0.148059	0.510932	0.319516	1e-05	1e-05	0.021474	JU3128
1e-05	1e-05	0.99995	1e-05	1e-05	1e-05	JU3132
0.074644	0.631484	0.263444	1e-05	1e-05	0.030408	JU3134
1e-05	0.99995	1e-05	1e-05	1e-05	1e-05	JU3135
0.233645	0.157168	0.346641	0.012955	1e-05	0.249581	JU3137
1e-05	1e-05	0.99995	1e-05	1e-05	1e-05	JU3140
1e-05	0.628029	0.275497	1e-05	1e-05	0.096444	JU3144
1e-05	0.517468	0.482492	1e-05	1e-05	1e-05	JU323
1e-05	0.297723	0.702237	1e-05	1e-05	1e-05	JU346
1e-05	0.714851	0.285109	1e-05	1e-05	1e-05	JU360
0.970609	0.029351	1e-05	1e-05	1e-05	1e-05	JU367
0.104152	1e-05	0.895808	1e-05	1e-05	1e-05	JU393
0.99995	1e-05	1e-05	1e-05	1e-05	1e-05	JU394
0.18714	1e-05	0.81282	1e-05	1e-05	1e-05	JU397
0.99995	1e-05	1e-05	1e-05	1e-05	1e-05	JU406
0.83738	1e-05	0.16258	1e-05	1e-05	1e-05	JU440
0.400251	0.539149	0.06057	1e-05	1e-05	1e-05	JU561
1e-05	0.57816	0.4218	1e-05	1e-05	1e-05	JU642
1e-05	0.761449	0.153733	0.047705	1e-05	0.037092	JU751
1e-05	0.626091	1e-05	0.038284	1e-05	0.335595	JU774
1e-05	1e-05	1e-05	1e-05	1e-05	0.99995	JU775
0.046959	0.180212	0.04317	1e-05	1e-05	0.729639	JU778
0.047353	1e-05	0.057053	1e-05	1e-05	0.895564	JU782
1e-05	1e-05	0.99995	1e-05	1e-05	1e-05	JU792
1e-05	0.925948	0.074012	1e-05	1e-05	1e-05	JU830
0.196573	0.205759	0.597638	1e-05	1e-05	1e-05	JU847
1e-05	0.910857	0.089103	1e-05	1e-05	1e-05	KR314
1e-05	0.465677	0.017157	1e-05	1e-05	0.517135	LKC34
0.99995	1e-05	1e-05	1e-05	1e-05	1e-05	LSJ1
1e-05	0.811939	1e-05	1e-05	1e-05	0.188021	MY1
0.032853	0.525533	0.094353	1e-05	1e-05	0.347241	MY10
0.26817	1e-05	0.077773	0.654027	1e-05	1e-05	MY16
0.087027	0.627069	0.285874	1e-05	1e-05	1e-05	MY18
0.544577	1e-05	0.455383	1e-05	1e-05	1e-05	MY2147
0.079571	0.680944	0.239455	1e-05	1e-05	1e-05	MY2212
1e-05	1e-05	1e-05	0.99995	1e-05	1e-05	MY23
0.517805	0.134326	0.315418	1e-05	1e-05	0.03243	MY2453
0.102108	0.666685	0.231177	1e-05	1e-05	1e-05	MY2530
1e-05	0.767185	0.232775	1e-05	1e-05	1e-05	MY2535
0.339938	1e-05	0.660022	1e-05	1e-05	1e-05	MY2573
1e-05	0.954557	0.02421	1e-05	1e-05	0.021203	MY2585
1e-05	0.99995	1e-05	1e-05	1e-05	1e-05	MY2693
1e-05	0.99995	1e-05	1e-05	1e-05	1e-05	MY2713
0.108456	0.783001	0.108513	1e-05	1e-05	1e-05	MY2741
1e-05	0.99995	1e-05	1e-05	1e-05	1e-05	MY518
1e-05	0.99995	1e-05	1e-05	1e-05	1e-05	MY679
0.086158	0.092672	0.82114	1e-05	1e-05	1e-05	MY772
0.218944	0.641352	0.131985	0.007699	1e-05	1e-05	MY795
0.216867	0.544503	0.238593	1.7e-05	1e-05	1e-05	MY920
0.999949	1e-05	1.1e-05	1e-05	1e-05	1e-05	N2
0.067272	0.468283	0.409987	1e-05	1e-05	0.054438	NIC1
0.393801	1e-05	0.606159	1e-05	1e-05	1e-05	NIC1049
0.795851	1e-05	0.204109	1e-05	1e-05	1e-05	NIC1107
0.058352	0.438028	0.468635	1e-05	1e-05	0.034965	NIC166
0.184795	0.040918	0.158315	0.022278	1e-05	0.593685	NIC195
1e-05	1e-05	0.351716	1e-05	1e-05	0.648244	NIC199
0.669637	0.330323	1e-05	1e-05	1e-05	1e-05	NIC2
0.17481	0.548922	0.276238	1e-05	1e-05	1e-05	NIC207
1e-05	0.922326	1e-05	0.022276	1e-05	0.055368	NIC231
1e-05	0.282601	0.180108	1e-05	1e-05	0.537261	NIC236
0.491796	0.066462	0.29607	1e-05	1e-05	0.145651	NIC242
0.082245	1e-05	0.106145	1e-05	0.071057	0.740533	NIC251
1e-05	0.281028	1e-05	1e-05	1e-05	0.718932	NIC252
0.381705	0.476301	0.141965	1e-05	1e-05	1e-05	NIC255
1e-05	1e-05	1e-05	1e-05	1e-05	0.99995	NIC256
1e-05	1e-05	1e-05	1e-05	1e-05	0.99995	NIC258
0.161713	0.058265	0.211424	1.6e-05	1e-05	0.568572	NIC259
1e-05	0.091184	1e-05	1e-05	1e-05	0.908776	NIC260
1e-05	1e-05	1e-05	1e-05	1e-05	0.99995	NIC261
1e-05	1e-05	1e-05	1e-05	1e-05	0.99995	NIC262
1e-05	1e-05	0.142369	1e-05	1e-05	0.857591	NIC265
0.308924	0.142936	1e-05	1e-05	1e-05	0.548109	NIC266
1e-05	0.669333	0.03574	1e-05	1e-05	0.294897	NIC267
1e-05	0.296243	0.00614	0.444992	1e-05	0.252605	NIC268
1e-05	1e-05	0.344978	1e-05	1e-05	0.654982	NIC269
1e-05	1e-05	1e-05	1e-05	1e-05	0.99995	NIC271
1e-05	0.249821	0.145239	1e-05	1e-05	0.60491	NIC272
0.061673	0.322602	1e-05	1e-05	1e-05	0.615695	NIC274
1e-05	0.647183	1e-05	1e-05	1e-05	0.352777	NIC275
1e-05	0.542259	0.033253	1e-05	1e-05	0.424458	NIC276
1e-05	0.315485	0.684475	1e-05	1e-05	1e-05	NIC277
1e-05	0.447184	0.552776	1e-05	1e-05	1e-05	NIC3
1e-05	1e-05	0.999949	1.1e-05	1e-05	1e-05	NIC501
0.171549	0.322159	0.506262	1e-05	1e-05	1e-05	NIC511
1e-05	0.440693	1e-05	1e-05	1e-05	0.559267	NIC513
1e-05	0.472936	1e-05	1e-05	1e-05	0.527024	NIC514
1e-05	0.50962	0.199406	1.1e-05	1e-05	0.290944	NIC515
0.173333	0.335204	0.309067	1e-05	1e-05	0.182376	NIC522
1e-05	0.622499	1e-05	0.110035	1e-05	0.267437	NIC523
1e-05	0.479482	0.298974	1e-05	1e-05	0.221513	NIC526
1e-05	0.215023	0.705115	1e-05	1e-05	0.079833	NIC527
1e-05	0.794861	0.205099	1e-05	1e-05	1e-05	NIC528
0.044981	0.697522	0.257467	1e-05	1e-05	1e-05	NIC529
0.006112	0.993848	1e-05	1e-05	1e-05	1e-05	PB303
1e-05	0.552792	1e-05	0.447168	1e-05	1e-05	PB306
1e-05	0.349074	1e-05	0.650886	1e-05	1e-05	PS2025
0.504182	0.495773	1.5e-05	1e-05	1e-05	1e-05	PX179
0.027424	0.634454	0.070384	0.102446	1e-05	0.165283	QG2075
1e-05	0.936275	1e-05	1e-05	1e-05	0.063685	QG536
1e-05	0.355216	1e-05	0.644744	1e-05	1e-05	QG556
1e-05	0.677404	1e-05	0.322556	1e-05	1e-05	QG557
0.067872	0.438161	0.302291	1e-05	0.054197	0.137468	QW947
1e-05	1e-05	1e-05	1e-05	0.99995	1e-05	QX1211
1e-05	0.807255	1e-05	0.192705	1e-05	1e-05	QX1212
1e-05	0.820012	1e-05	0.179948	1e-05	1e-05	QX1233
0.137185	1e-05	0.135313	0.604901	1e-05	0.122581	QX1791
0.035422	0.265632	1e-05	0.640338	1e-05	0.058588	QX1792
1e-05	1e-05	1e-05	0.899057	1e-05	0.100903	QX1793
1e-05	0.05906	1e-05	0.9409	1e-05	1e-05	QX1794
1e-05	0.99995	1e-05	1e-05	1e-05	1e-05	RC301
1e-05	0.366816	0.290138	0.029768	1e-05	0.313258	WN2001
0.349292	0.383438	0.142192	1e-05	1e-05	0.125059	WN2002
1e-05	0.96451	0.027716	0.007743	1e-05	1e-05	WN2033
0.376286	1e-05	0.623674	1e-05	1e-05	1e-05	WN2050
1e-05	1e-05	1e-05	0.99995	1e-05	1e-05	XZ1513
1e-05	1e-05	1e-05	1e-05	0.99995	1e-05	XZ1514
1e-05	0.136124	1e-05	0.7614	0.102446	1e-05	XZ1515
1e-05	1e-05	1e-05	1e-05	0.986949	0.013011	XZ1516
