0.000010 0.000010 0.000010 0.567615 0.432355
0.000010 0.000010 0.000010 0.000010 0.999960
0.151932 0.063974 0.000010 0.000010 0.784073
0.000010 0.000014 0.000010 0.999956 0.000010
0.000010 0.000010 0.000010 0.333759 0.666211
0.000010 0.069419 0.000010 0.000010 0.930551
0.057800 0.000010 0.000010 0.000010 0.942170
0.000010 0.098130 0.000010 0.000010 0.901840
0.122653 0.835628 0.000010 0.041699 0.000010
0.000010 0.110413 0.000010 0.000010 0.889557
0.000010 0.000020 0.000010 0.000010 0.999950
0.000010 0.000010 0.000010 0.999960 0.000010
0.006088 0.299889 0.000010 0.000010 0.694003
0.000010 0.409954 0.000010 0.000010 0.590016
0.000010 0.526669 0.000010 0.000010 0.473301
0.114145 0.000010 0.000010 0.000010 0.885825
0.103849 0.079815 0.000010 0.030551 0.785776
0.114633 0.304324 0.000010 0.000010 0.581023
0.000010 0.000010 0.000010 0.000010 0.999960
0.096218 0.273378 0.000010 0.000010 0.630384
0.000010 0.216942 0.000010 0.000010 0.783028
0.000010 0.258007 0.000010 0.000010 0.741963
0.081923 0.000010 0.000010 0.636509 0.281548
0.000010 0.211315 0.000010 0.000010 0.788655
0.104195 0.780220 0.000010 0.115566 0.000010
0.000010 0.985130 0.000010 0.000010 0.014840
0.000010 0.000010 0.999960 0.000010 0.000010
0.000010 0.000012 0.000010 0.989219 0.010749
0.000010 0.000010 0.999960 0.000010 0.000010
0.000010 0.690281 0.000010 0.000010 0.309689
0.000010 0.336130 0.000010 0.000010 0.663840
0.000010 0.000010 0.999960 0.000010 0.000010
0.000010 0.000010 0.999960 0.000010 0.000010
0.106413 0.547551 0.225146 0.120880 0.000010
0.030977 0.933162 0.000010 0.000010 0.035841
0.000016 0.000010 0.999954 0.000010 0.000010
0.032541 0.096632 0.870807 0.000010 0.000010
0.026779 0.781059 0.135365 0.056787 0.000010
0.000010 0.999960 0.000010 0.000010 0.000010
0.000010 0.930457 0.000010 0.069513 0.000010
0.000010 0.999960 0.000010 0.000010 0.000010
0.000010 0.999960 0.000010 0.000010 0.000010
0.000010 0.000010 0.999960 0.000010 0.000010
0.000010 0.000010 0.999960 0.000010 0.000010
0.000010 0.064413 0.935557 0.000010 0.000010
0.000010 0.000010 0.999960 0.000010 0.000010
0.000010 0.939343 0.000010 0.060627 0.000010
0.000010 0.927778 0.000010 0.072192 0.000010
0.000010 0.999960 0.000010 0.000010 0.000010
0.000010 0.000010 0.999960 0.000010 0.000010
0.000010 0.000010 0.999960 0.000010 0.000010
0.000010 0.000010 0.999960 0.000010 0.000010
0.000010 0.904005 0.000010 0.041646 0.054330
0.000010 0.000010 0.999957 0.000013 0.000010
0.000010 0.000010 0.999959 0.000011 0.000010
0.000010 0.000010 0.999960 0.000010 0.000010
0.000010 0.999960 0.000010 0.000010 0.000010
0.000010 0.999960 0.000010 0.000010 0.000010
0.000010 0.999960 0.000010 0.000010 0.000010
0.000010 0.999960 0.000010 0.000010 0.000010
0.000010 0.999960 0.000010 0.000010 0.000010
0.000010 0.999960 0.000010 0.000010 0.000010
0.000010 0.000010 0.000010 0.000010 0.999960
0.000010 0.000010 0.000010 0.000010 0.999960
0.000010 0.000010 0.000010 0.639309 0.360661
0.000011 0.000010 0.000010 0.656776 0.343193
0.246311 0.000010 0.000010 0.000010 0.753659
0.186051 0.000010 0.000010 0.108073 0.705856
0.000010 0.000010 0.000010 0.000010 0.999960
0.183926 0.000010 0.000010 0.105547 0.710507
0.321495 0.000010 0.000010 0.000934 0.677551
0.000010 0.000010 0.000010 0.000010 0.999960
0.110772 0.000011 0.000010 0.000010 0.889196
0.000010 0.000010 0.000010 0.325443 0.674527
0.271967 0.000014 0.000010 0.068974 0.659035
0.478976 0.000010 0.000010 0.082806 0.438198
0.697912 0.000010 0.000010 0.000010 0.302058
0.000010 0.000010 0.000010 0.062857 0.937113
0.024174 0.000010 0.000010 0.000010 0.975796
0.000010 0.000010 0.000010 0.472814 0.527156
0.000010 0.000010 0.000010 0.000010 0.999960
0.000010 0.000010 0.000010 0.000010 0.999960
0.000010 0.000010 0.000010 0.612554 0.387416
0.000010 0.000010 0.000010 0.999960 0.000010
0.091786 0.000010 0.000010 0.908184 0.000010
0.130888 0.000010 0.000010 0.869082 0.000010
0.000010 0.000010 0.000010 0.999960 0.000010
0.000010 0.000010 0.000010 0.876730 0.123240
0.000010 0.000010 0.000010 0.385977 0.613993
0.370433 0.000010 0.000010 0.285941 0.343607
0.087922 0.000010 0.000010 0.121685 0.790373
0.000010 0.000010 0.000010 0.400166 0.599804
0.538120 0.000010 0.000010 0.350369 0.111491
0.000010 0.000010 0.000010 0.683546 0.316424
0.000010 0.000010 0.000010 0.605568 0.394402
0.000010 0.000010 0.000010 0.999960 0.000010
0.238789 0.000010 0.000010 0.761181 0.000010
0.000010 0.000010 0.000010 0.971777 0.028193
0.000010 0.000010 0.000010 0.796135 0.203835
0.075500 0.000010 0.000010 0.470664 0.453816
0.162347 0.000010 0.000010 0.771456 0.066177
0.000010 0.000010 0.000010 0.999960 0.000010
0.238179 0.000010 0.000010 0.761791 0.000010
0.000010 0.000010 0.000010 0.509994 0.489976
0.000010 0.000010 0.000010 0.789416 0.210554
0.000010 0.000010 0.000010 0.999960 0.000010
0.338350 0.174207 0.000010 0.487423 0.000010
0.255371 0.000010 0.000010 0.099594 0.645015
0.000010 0.000010 0.000010 0.000010 0.999960
0.000010 0.226986 0.000010 0.095736 0.677258
0.169558 0.000010 0.000010 0.830412 0.000010
0.331260 0.000010 0.000010 0.668710 0.000010
0.000010 0.000010 0.000010 0.999960 0.000010
0.055768 0.000010 0.000010 0.619416 0.324796
0.141829 0.000010 0.000010 0.858141 0.000010
0.000010 0.000010 0.000010 0.999960 0.000010
0.935811 0.000010 0.000010 0.064159 0.000010
0.131582 0.000010 0.000010 0.119778 0.748620
0.000010 0.000010 0.000010 0.000010 0.999960
0.000010 0.000010 0.000010 0.399542 0.600428
0.000010 0.000010 0.000010 0.201482 0.798488
0.999960 0.000010 0.000010 0.000010 0.000010
0.846852 0.000013 0.000010 0.000010 0.153115
0.999960 0.000010 0.000010 0.000010 0.000010
0.000010 0.000010 0.000010 0.546434 0.453536
0.000010 0.000010 0.000010 0.999960 0.000010
0.000010 0.000010 0.000010 0.884508 0.115462
0.161034 0.000010 0.000010 0.838936 0.000010
0.000010 0.000010 0.000010 0.999960 0.000010
0.000010 0.000010 0.000010 0.999960 0.000010
0.031247 0.049408 0.000010 0.652303 0.267032
0.053393 0.000010 0.000010 0.000010 0.946577
0.709966 0.000010 0.000010 0.243906 0.046108
0.000010 0.275612 0.000010 0.015569 0.708799
0.598367 0.000010 0.000010 0.000010 0.401603
0.128714 0.000010 0.000010 0.108131 0.763135
0.080304 0.000010 0.000010 0.919666 0.000010
0.000012 0.180292 0.000010 0.125897 0.693789
0.000010 0.000010 0.000010 0.999960 0.000010
0.000010 0.000010 0.000010 0.999960 0.000010
0.086588 0.000010 0.000010 0.000010 0.913382
0.000010 0.000010 0.000010 0.941369 0.058601
0.321517 0.134042 0.000010 0.000010 0.544422
0.000010 0.000010 0.000010 0.999960 0.000010
0.000010 0.200300 0.000010 0.028010 0.771671
0.277547 0.267910 0.000010 0.000010 0.454524
0.104977 0.000010 0.000010 0.378207 0.516796
0.000010 0.000010 0.000010 0.229370 0.770600
0.153935 0.000010 0.000010 0.118054 0.727991
0.000010 0.324439 0.000010 0.000010 0.675531
0.004241 0.086454 0.000010 0.000010 0.909285
0.000010 0.558469 0.000010 0.000010 0.441501
0.000010 0.000010 0.000010 0.685716 0.314254
0.000010 0.000010 0.000010 0.517869 0.482101
0.000010 0.000010 0.000010 0.669535 0.330435
0.000010 0.000010 0.000010 0.933109 0.066861
0.241081 0.000010 0.000010 0.188797 0.570103
0.338205 0.000010 0.000010 0.177106 0.484669
0.022958 0.000010 0.000010 0.463348 0.513673
0.153533 0.000010 0.000010 0.846437 0.000010
0.040476 0.000010 0.000010 0.288671 0.670834
0.000010 0.000010 0.000010 0.000010 0.999960
0.336397 0.000010 0.000010 0.431265 0.232318
0.189680 0.000010 0.000010 0.810290 0.000010
0.184935 0.000010 0.000010 0.146503 0.668541
0.000010 0.000010 0.000010 0.529044 0.470926
0.000010 0.000010 0.000010 0.712830 0.287140
0.049266 0.007274 0.000010 0.213634 0.729815
0.000010 0.000010 0.000010 0.847256 0.152714
0.067144 0.000010 0.000010 0.932826 0.000010
0.000010 0.000010 0.000010 0.999960 0.000010
0.122279 0.000012 0.000010 0.877689 0.000010
0.000010 0.000010 0.000010 0.999960 0.000010
0.000010 0.000010 0.000010 0.826920 0.173050
0.000010 0.000010 0.000010 0.362576 0.637394
0.066839 0.000010 0.000010 0.340246 0.592895
0.071687 0.057161 0.000010 0.081991 0.789151
0.334484 0.036388 0.000010 0.000010 0.629108
0.999960 0.000010 0.000010 0.000010 0.000010
0.756099 0.000010 0.000010 0.000010 0.243871
0.886083 0.000010 0.000010 0.113887 0.000010
0.143992 0.000010 0.000010 0.855978 0.000010
0.000010 0.000010 0.000010 0.068704 0.931266
0.000010 0.000010 0.000010 0.779021 0.220949
0.000010 0.000010 0.000010 0.089478 0.910492
0.515717 0.000010 0.000010 0.000010 0.484253
0.000010 0.000010 0.000010 0.867277 0.132693
0.186018 0.000010 0.000010 0.000010 0.813952
0.418422 0.000010 0.000010 0.012428 0.569130
0.000010 0.648950 0.000010 0.334831 0.016199
0.000010 0.002970 0.000010 0.354947 0.642063
0.000010 0.000010 0.000010 0.999960 0.000010
0.000010 0.000010 0.000010 0.307382 0.692588
0.000010 0.999960 0.000010 0.000010 0.000010
0.079200 0.000010 0.000010 0.767194 0.153586
0.046568 0.000010 0.000010 0.266283 0.687129
0.000010 0.000010 0.000010 0.217008 0.782962
0.000010 0.000010 0.000010 0.999960 0.000010
0.034071 0.000010 0.000010 0.000010 0.965899
0.000010 0.000010 0.000010 0.000010 0.999960
0.000010 0.000010 0.000010 0.000010 0.999960
0.000010 0.000010 0.000010 0.215470 0.784500
0.000010 0.000010 0.000010 0.000010 0.999960
0.000010 0.000010 0.000010 0.000010 0.999960
0.000010 0.000010 0.000010 0.938358 0.061612
0.000010 0.013058 0.000010 0.345407 0.641515
0.000010 0.000010 0.000010 0.408055 0.591915
0.000010 0.000010 0.000010 0.868817 0.131153
0.136325 0.000010 0.000010 0.393488 0.470168
0.000010 0.000010 0.000010 0.999960 0.000010
0.000010 0.000010 0.000010 0.999960 0.000010
0.058278 0.000010 0.000010 0.530298 0.411404
0.628214 0.006337 0.000010 0.271944 0.093495
0.743589 0.000010 0.000011 0.256380 0.000010
0.000010 0.000010 0.000010 0.396268 0.603702
0.044709 0.000010 0.000010 0.349662 0.605609
0.048440 0.026695 0.000010 0.000010 0.924844
0.646151 0.000010 0.000010 0.000010 0.353819
0.145795 0.000010 0.000010 0.722265 0.131920
0.746241 0.000010 0.077274 0.176465 0.000010
0.700759 0.000010 0.000010 0.000010 0.299211
0.000010 0.000010 0.000010 0.433618 0.566352
0.999960 0.000010 0.000010 0.000010 0.000010
0.999960 0.000010 0.000010 0.000010 0.000010
0.602207 0.000012 0.000010 0.298096 0.099674
0.884303 0.000010 0.000010 0.000010 0.115667
0.999960 0.000010 0.000010 0.000010 0.000010
0.999960 0.000010 0.000010 0.000010 0.000010
0.898517 0.000010 0.000010 0.101453 0.000010
0.529072 0.000010 0.000010 0.297836 0.173072
0.317744 0.000010 0.000010 0.000245 0.681991
0.253309 0.447075 0.000010 0.000010 0.299596
0.800327 0.000010 0.000010 0.156180 0.043472
0.999960 0.000010 0.000010 0.000010 0.000010
0.672779 0.000010 0.000010 0.037168 0.290033
0.615225 0.000010 0.000010 0.002903 0.381852
0.335711 0.000010 0.000010 0.000010 0.664259
0.437214 0.000010 0.000010 0.000010 0.562756
0.000010 0.000010 0.000010 0.684169 0.315801
0.000010 0.000010 0.000010 0.554271 0.445699
0.175998 0.000010 0.000010 0.823972 0.000010
0.023732 0.000010 0.000010 0.620562 0.355686
0.539169 0.000010 0.000010 0.000010 0.460801
0.522339 0.000010 0.000010 0.000010 0.477631
0.411688 0.000010 0.000010 0.000010 0.588282
0.192816 0.000010 0.000010 0.451042 0.356122
0.268692 0.113940 0.000010 0.000010 0.617348
0.312789 0.000010 0.000010 0.174990 0.512201
0.202316 0.000013 0.000010 0.616703 0.180959
0.039559 0.000010 0.000010 0.164522 0.795898
0.017440 0.000010 0.000010 0.273100 0.709439
0.000010 0.000010 0.000010 0.000010 0.999960
0.000010 0.472540 0.000010 0.000010 0.527430
0.000010 0.663139 0.000010 0.000010 0.336831
0.000010 0.000010 0.000010 0.332256 0.667714
0.228677 0.091771 0.000010 0.018054 0.661488
0.065209 0.000010 0.000010 0.000010 0.934761
0.000010 0.656743 0.000010 0.000010 0.343227
0.000010 0.335935 0.000010 0.000010 0.664035
0.218470 0.000010 0.052180 0.263072 0.466269
0.000010 0.000010 0.999960 0.000010 0.000010
0.000010 0.202970 0.000010 0.000010 0.797000
0.000010 0.193150 0.000010 0.000010 0.806820
0.153929 0.608493 0.000010 0.236103 0.001465
0.063329 0.647854 0.000010 0.000010 0.288797
0.101990 0.897980 0.000010 0.000010 0.000010
0.000010 0.949377 0.000010 0.000010 0.050593
0.000010 0.000010 0.000010 0.000010 0.999960
0.424457 0.017267 0.000010 0.134523 0.423743
0.132990 0.000010 0.000010 0.411094 0.455896
0.000010 0.022408 0.000010 0.012961 0.964611
0.116808 0.000010 0.000010 0.883162 0.000010
0.000010 0.999960 0.000010 0.000010 0.000010
0.000010 0.000010 0.999960 0.000010 0.000010
0.000010 0.776542 0.102112 0.000010 0.121326
0.010468 0.000010 0.989502 0.000010 0.000010
