0.691738 0.308222 0.000010 0.000010 0.000010 0.000010
0.000010 0.999950 0.000010 0.000010 0.000010 0.000010
0.000010 0.816856 0.000014 0.068710 0.000010 0.114400
0.999950 0.000010 0.000010 0.000010 0.000010 0.000010
0.513124 0.486836 0.000010 0.000010 0.000010 0.000010
0.002928 0.945726 0.000010 0.051316 0.000010 0.000010
0.009828 0.922629 0.000010 0.000010 0.000010 0.067514
0.000010 0.917035 0.000010 0.082925 0.000010 0.000010
0.000010 0.000010 0.099617 0.818895 0.000010 0.081458
0.000010 0.909813 0.000010 0.090147 0.000010 0.000010
0.000010 0.999950 0.000010 0.000010 0.000010 0.000010
0.573068 0.000010 0.426891 0.000010 0.000011 0.000010
0.000010 0.722431 0.000010 0.263920 0.000010 0.013618
0.000010 0.603174 0.000010 0.396786 0.000010 0.000010
0.000010 0.503994 0.000010 0.495966 0.000010 0.000010
0.000010 0.884789 0.000010 0.000010 0.000010 0.115171
0.032368 0.797162 0.000010 0.062458 0.000010 0.107992
0.000018 0.586476 0.000010 0.296612 0.000010 0.116875
0.000010 0.999950 0.000010 0.000010 0.000010 0.000010
0.000010 0.668834 0.057739 0.205371 0.000010 0.068036
0.000010 0.795027 0.000010 0.204933 0.000010 0.000010
0.000010 0.754401 0.000010 0.245559 0.000010 0.000010
0.000010 0.251615 0.748345 0.000010 0.000010 0.000010
0.033219 0.768009 0.000010 0.198743 0.000010 0.000010
0.000010 0.000010 0.183330 0.769352 0.000010 0.047287
0.000010 0.027225 0.000010 0.972735 0.000010 0.000010
0.000010 0.000010 0.000010 0.000010 0.999950 0.000010
0.999950 0.000010 0.000010 0.000010 0.000010 0.000010
0.000010 0.000010 0.000010 0.000010 0.999950 0.000010
0.000010 0.322252 0.000010 0.677708 0.000010 0.000010
0.000010 0.677063 0.000010 0.322897 0.000010 0.000010
0.000010 0.000010 0.000010 0.000010 0.999950 0.000010
0.000010 0.000010 0.000010 0.000010 0.999950 0.000010
0.006675 0.000010 0.163812 0.549508 0.227035 0.052961
0.000010 0.048334 0.000010 0.922410 0.000010 0.029226
0.000012 0.000010 0.000010 0.000010 0.999948 0.000010
0.011320 0.000010 0.000010 0.093393 0.870320 0.024946
0.000010 0.000010 0.087192 0.776205 0.136573 0.000010
0.000010 0.000010 0.000010 0.999950 0.000010 0.000010
0.000010 0.000010 0.125952 0.874008 0.000010 0.000010
0.000010 0.000010 0.000010 0.999950 0.000010 0.000010
0.000010 0.000010 0.000010 0.999950 0.000010 0.000010
0.000010 0.000015 0.000012 0.000010 0.999943 0.000010
0.000010 0.000010 0.000010 0.000010 0.999950 0.000010
0.000010 0.000010 0.000010 0.063863 0.936097 0.000010
0.000010 0.000010 0.000010 0.000010 0.999950 0.000010
0.000011 0.000019 0.098457 0.901493 0.000010 0.000010
0.000010 0.000014 0.102818 0.897139 0.000010 0.000010
0.000010 0.000010 0.000010 0.999950 0.000010 0.000010
0.000010 0.000010 0.000010 0.000010 0.999950 0.000010
0.000010 0.000010 0.000010 0.000010 0.999950 0.000010
0.000010 0.000010 0.000010 0.000010 0.999950 0.000010
0.043061 0.060104 0.000010 0.896806 0.000010 0.000010
0.000010 0.000010 0.000010 0.000010 0.999950 0.000010
0.000014 0.000013 0.000010 0.000010 0.999943 0.000010
0.000010 0.000010 0.000010 0.000010 0.999950 0.000010
0.000010 0.000010 0.000010 0.999950 0.000010 0.000010
0.000010 0.000010 0.000010 0.999950 0.000010 0.000010
0.000010 0.000010 0.000010 0.999950 0.000010 0.000010
0.000010 0.000010 0.000010 0.999950 0.000010 0.000010
0.000010 0.000010 0.000010 0.999950 0.000010 0.000010
0.000010 0.000010 0.000010 0.999950 0.000010 0.000010
0.000010 0.999950 0.000010 0.000010 0.000010 0.000010
0.000010 0.999950 0.000010 0.000010 0.000010 0.000010
0.999950 0.000010 0.000010 0.000010 0.000010 0.000010
0.143293 0.335644 0.521033 0.000010 0.000010 0.000010
0.000010 0.739180 0.000010 0.000010 0.000010 0.260780
0.000010 0.558744 0.321373 0.000010 0.000010 0.119853
0.000010 0.999950 0.000010 0.000010 0.000010 0.000010
0.000010 0.565851 0.314888 0.000010 0.000010 0.119231
0.000010 0.658970 0.044131 0.000010 0.000010 0.296869
0.000010 0.999950 0.000010 0.000010 0.000010 0.000010
0.000010 0.877819 0.056366 0.000010 0.000010 0.065785
0.481821 0.518139 0.000010 0.000010 0.000010 0.000010
0.000010 0.580827 0.283414 0.000010 0.000010 0.135728
0.052277 0.388570 0.128154 0.000010 0.000010 0.430978
0.028249 0.258083 0.000010 0.000010 0.000010 0.713638
0.111968 0.887992 0.000010 0.000010 0.000010 0.000010
0.000010 0.975009 0.024951 0.000010 0.000010 0.000010
0.338522 0.457549 0.203899 0.000010 0.000010 0.000010
0.000010 0.999950 0.000010 0.000010 0.000010 0.000010
0.000010 0.999950 0.000010 0.000010 0.000010 0.000010
0.999950 0.000010 0.000010 0.000010 0.000010 0.000010
0.679520 0.000010 0.320440 0.000010 0.000010 0.000010
0.000010 0.000010 0.999950 0.000010 0.000010 0.000010
0.000010 0.000010 0.999950 0.000010 0.000010 0.000010
0.239066 0.000010 0.760894 0.000010 0.000010 0.000010
0.999950 0.000010 0.000010 0.000010 0.000010 0.000010
0.555094 0.444866 0.000010 0.000010 0.000010 0.000010
0.000010 0.298917 0.448235 0.000010 0.000010 0.252817
0.000010 0.723546 0.236620 0.000010 0.000010 0.039805
0.117037 0.589963 0.292970 0.000010 0.000010 0.000010
0.033609 0.116567 0.422852 0.000010 0.000010 0.426952
0.000010 0.338914 0.661046 0.000010 0.000010 0.000010
0.965136 0.034821 0.000010 0.000013 0.000010 0.000010
0.999950 0.000010 0.000010 0.000010 0.000010 0.000010
0.000010 0.000010 0.999941 0.000019 0.000010 0.000010
0.182216 0.000010 0.817744 0.000010 0.000010 0.000010
0.999950 0.000010 0.000010 0.000010 0.000010 0.000010
0.461713 0.390841 0.089115 0.000010 0.000010 0.058310
0.000010 0.038804 0.961156 0.000010 0.000010 0.000010
0.654361 0.000010 0.345599 0.000010 0.000010 0.000010
0.000010 0.000010 0.999941 0.000019 0.000010 0.000010
0.194200 0.476634 0.329136 0.000010 0.000010 0.000010
0.964696 0.035264 0.000010 0.000010 0.000010 0.000010
0.055990 0.000010 0.943970 0.000010 0.000010 0.000010
0.055497 0.000010 0.596211 0.181188 0.000010 0.167084
0.000010 0.630670 0.258343 0.000010 0.000010 0.110958
0.000010 0.999946 0.000010 0.000014 0.000010 0.000010
0.088347 0.680270 0.010555 0.220808 0.000010 0.000010
0.140941 0.000010 0.859019 0.000010 0.000010 0.000010
0.048935 0.014930 0.849167 0.000010 0.000010 0.086949
0.161478 0.000010 0.838482 0.000010 0.000010 0.000010
0.727088 0.197049 0.000010 0.000010 0.000010 0.075833
0.000010 0.000010 0.999950 0.000010 0.000010 0.000010
0.999950 0.000010 0.000010 0.000010 0.000010 0.000010
0.000010 0.000010 0.111290 0.000010 0.000010 0.888670
0.000010 0.745712 0.191491 0.000010 0.000010 0.062767
0.000010 0.999950 0.000010 0.000010 0.000010 0.000010
0.000010 0.623119 0.376841 0.000010 0.000010 0.000010
0.194368 0.762930 0.042672 0.000010 0.000010 0.000010
0.000010 0.000010 0.000010 0.000010 0.000010 0.999950
0.000010 0.138524 0.000010 0.000010 0.000010 0.861436
0.000010 0.000010 0.020624 0.000010 0.000010 0.979336
0.000010 0.462525 0.537435 0.000010 0.000010 0.000010
0.999950 0.000010 0.000010 0.000010 0.000010 0.000010
0.769659 0.090553 0.139753 0.000015 0.000010 0.000010
0.000010 0.000010 0.999950 0.000010 0.000010 0.000010
0.684946 0.000010 0.315014 0.000010 0.000010 0.000010
0.840594 0.000010 0.159366 0.000010 0.000010 0.000010
0.026702 0.233474 0.695794 0.044009 0.000010 0.000010
0.000010 0.942324 0.000010 0.000010 0.000010 0.057636
0.101531 0.022849 0.201159 0.000010 0.000010 0.674441
0.005183 0.702425 0.026397 0.265975 0.000010 0.000010
0.000010 0.377459 0.061408 0.000010 0.000010 0.561103
0.000010 0.746318 0.210141 0.000010 0.000010 0.043511
0.803232 0.000010 0.106942 0.000010 0.000010 0.089795
0.020559 0.673314 0.133379 0.172727 0.000010 0.000010
0.000010 0.000010 0.999950 0.000010 0.000010 0.000010
0.000010 0.000010 0.999950 0.000010 0.000010 0.000010
0.000010 0.919928 0.000010 0.000010 0.000010 0.080032
0.530148 0.030065 0.439752 0.000014 0.000010 0.000010
0.000010 0.566026 0.000010 0.136233 0.000010 0.297711
0.999950 0.000010 0.000010 0.000010 0.000010 0.000010
0.000010 0.750254 0.059070 0.190646 0.000010 0.000010
0.000013 0.438243 0.069169 0.262990 0.000010 0.229575
0.000010 0.488299 0.511661 0.000010 0.000010 0.000010
0.321160 0.649448 0.000010 0.000010 0.000010 0.029362
0.000010 0.702673 0.180029 0.000010 0.000010 0.117268
0.000010 0.687387 0.000010 0.312573 0.000010 0.000010
0.000010 0.920980 0.000010 0.078980 0.000010 0.000010
0.000010 0.449617 0.000010 0.550343 0.000010 0.000010
0.410255 0.236890 0.352825 0.000010 0.000010 0.000010
0.727371 0.272589 0.000010 0.000010 0.000010 0.000010
0.000010 0.339140 0.660820 0.000010 0.000010 0.000010
0.797237 0.038833 0.163897 0.000010 0.000013 0.000010
0.278136 0.470796 0.000010 0.000012 0.000010 0.251036
0.257003 0.403505 0.000010 0.000010 0.000010 0.339461
0.148059 0.510932 0.319516 0.000010 0.000010 0.021474
0.000010 0.000010 0.999950 0.000010 0.000010 0.000010
0.074644 0.631484 0.263444 0.000010 0.000010 0.030408
0.000010 0.999950 0.000010 0.000010 0.000010 0.000010
0.233645 0.157168 0.346641 0.012955 0.000010 0.249581
0.000010 0.000010 0.999950 0.000010 0.000010 0.000010
0.000010 0.628029 0.275497 0.000010 0.000010 0.096444
0.000010 0.517468 0.482492 0.000010 0.000010 0.000010
0.000010 0.297723 0.702237 0.000010 0.000010 0.000010
0.000010 0.714851 0.285109 0.000010 0.000010 0.000010
0.970609 0.029351 0.000010 0.000010 0.000010 0.000010
0.104152 0.000010 0.895808 0.000010 0.000010 0.000010
0.999950 0.000010 0.000010 0.000010 0.000010 0.000010
0.187140 0.000010 0.812820 0.000010 0.000010 0.000010
0.999950 0.000010 0.000010 0.000010 0.000010 0.000010
0.837380 0.000010 0.162580 0.000010 0.000010 0.000010
0.400251 0.539149 0.060570 0.000010 0.000010 0.000010
0.000010 0.578160 0.421800 0.000010 0.000010 0.000010
0.000010 0.761449 0.153733 0.047705 0.000010 0.037092
0.000010 0.626091 0.000010 0.038284 0.000010 0.335595
0.000010 0.000010 0.000010 0.000010 0.000010 0.999950
0.046959 0.180212 0.043170 0.000010 0.000010 0.729639
0.047353 0.000010 0.057053 0.000010 0.000010 0.895564
0.000010 0.000010 0.999950 0.000010 0.000010 0.000010
0.000010 0.925948 0.074012 0.000010 0.000010 0.000010
0.196573 0.205759 0.597638 0.000010 0.000010 0.000010
0.000010 0.910857 0.089103 0.000010 0.000010 0.000010
0.000010 0.465677 0.017157 0.000010 0.000010 0.517135
0.999950 0.000010 0.000010 0.000010 0.000010 0.000010
0.000010 0.811939 0.000010 0.000010 0.000010 0.188021
0.032853 0.525533 0.094353 0.000010 0.000010 0.347241
0.268170 0.000010 0.077773 0.654027 0.000010 0.000010
0.087027 0.627069 0.285874 0.000010 0.000010 0.000010
0.544577 0.000010 0.455383 0.000010 0.000010 0.000010
0.079571 0.680944 0.239455 0.000010 0.000010 0.000010
0.000010 0.000010 0.000010 0.999950 0.000010 0.000010
0.517805 0.134326 0.315418 0.000010 0.000010 0.032430
0.102108 0.666685 0.231177 0.000010 0.000010 0.000010
0.000010 0.767185 0.232775 0.000010 0.000010 0.000010
0.339938 0.000010 0.660022 0.000010 0.000010 0.000010
0.000010 0.954557 0.024210 0.000010 0.000010 0.021203
0.000010 0.999950 0.000010 0.000010 0.000010 0.000010
0.000010 0.999950 0.000010 0.000010 0.000010 0.000010
0.108456 0.783001 0.108513 0.000010 0.000010 0.000010
0.000010 0.999950 0.000010 0.000010 0.000010 0.000010
0.000010 0.999950 0.000010 0.000010 0.000010 0.000010
0.086158 0.092672 0.821140 0.000010 0.000010 0.000010
0.218944 0.641352 0.131985 0.007699 0.000010 0.000010
0.216867 0.544503 0.238593 0.000017 0.000010 0.000010
0.999949 0.000010 0.000011 0.000010 0.000010 0.000010
0.067272 0.468283 0.409987 0.000010 0.000010 0.054438
0.393801 0.000010 0.606159 0.000010 0.000010 0.000010
0.795851 0.000010 0.204109 0.000010 0.000010 0.000010
0.058352 0.438028 0.468635 0.000010 0.000010 0.034965
0.184795 0.040918 0.158315 0.022278 0.000010 0.593685
0.000010 0.000010 0.351716 0.000010 0.000010 0.648244
0.669637 0.330323 0.000010 0.000010 0.000010 0.000010
0.174810 0.548922 0.276238 0.000010 0.000010 0.000010
0.000010 0.922326 0.000010 0.022276 0.000010 0.055368
0.000010 0.282601 0.180108 0.000010 0.000010 0.537261
0.491796 0.066462 0.296070 0.000010 0.000010 0.145651
0.082245 0.000010 0.106145 0.000010 0.071057 0.740533
0.000010 0.281028 0.000010 0.000010 0.000010 0.718932
0.381705 0.476301 0.141965 0.000010 0.000010 0.000010
0.000010 0.000010 0.000010 0.000010 0.000010 0.999950
0.000010 0.000010 0.000010 0.000010 0.000010 0.999950
0.161713 0.058265 0.211424 0.000016 0.000010 0.568572
0.000010 0.091184 0.000010 0.000010 0.000010 0.908776
0.000010 0.000010 0.000010 0.000010 0.000010 0.999950
0.000010 0.000010 0.000010 0.000010 0.000010 0.999950
0.000010 0.000010 0.142369 0.000010 0.000010 0.857591
0.308924 0.142936 0.000010 0.000010 0.000010 0.548109
0.000010 0.669333 0.035740 0.000010 0.000010 0.294897
0.000010 0.296243 0.006140 0.444992 0.000010 0.252605
0.000010 0.000010 0.344978 0.000010 0.000010 0.654982
0.000010 0.000010 0.000010 0.000010 0.000010 0.999950
0.000010 0.249821 0.145239 0.000010 0.000010 0.604910
0.061673 0.322602 0.000010 0.000010 0.000010 0.615695
0.000010 0.647183 0.000010 0.000010 0.000010 0.352777
0.000010 0.542259 0.033253 0.000010 0.000010 0.424458
0.000010 0.315485 0.684475 0.000010 0.000010 0.000010
0.000010 0.447184 0.552776 0.000010 0.000010 0.000010
0.000010 0.000010 0.999949 0.000011 0.000010 0.000010
0.171549 0.322159 0.506262 0.000010 0.000010 0.000010
0.000010 0.440693 0.000010 0.000010 0.000010 0.559267
0.000010 0.472936 0.000010 0.000010 0.000010 0.527024
0.000010 0.509620 0.199406 0.000011 0.000010 0.290944
0.173333 0.335204 0.309067 0.000010 0.000010 0.182376
0.000010 0.622499 0.000010 0.110035 0.000010 0.267437
0.000010 0.479482 0.298974 0.000010 0.000010 0.221513
0.000010 0.215023 0.705115 0.000010 0.000010 0.079833
0.000010 0.794861 0.205099 0.000010 0.000010 0.000010
0.044981 0.697522 0.257467 0.000010 0.000010 0.000010
0.006112 0.993848 0.000010 0.000010 0.000010 0.000010
0.000010 0.552792 0.000010 0.447168 0.000010 0.000010
0.000010 0.349074 0.000010 0.650886 0.000010 0.000010
0.504182 0.495773 0.000015 0.000010 0.000010 0.000010
0.027424 0.634454 0.070384 0.102446 0.000010 0.165283
0.000010 0.936275 0.000010 0.000010 0.000010 0.063685
0.000010 0.355216 0.000010 0.644744 0.000010 0.000010
0.000010 0.677404 0.000010 0.322556 0.000010 0.000010
0.067872 0.438161 0.302291 0.000010 0.054197 0.137468
0.000010 0.000010 0.000010 0.000010 0.999950 0.000010
0.000010 0.807255 0.000010 0.192705 0.000010 0.000010
0.000010 0.820012 0.000010 0.179948 0.000010 0.000010
0.137185 0.000010 0.135313 0.604901 0.000010 0.122581
0.035422 0.265632 0.000010 0.640338 0.000010 0.058588
0.000010 0.000010 0.000010 0.899057 0.000010 0.100903
0.000010 0.059060 0.000010 0.940900 0.000010 0.000010
0.000010 0.999950 0.000010 0.000010 0.000010 0.000010
0.000010 0.366816 0.290138 0.029768 0.000010 0.313258
0.349292 0.383438 0.142192 0.000010 0.000010 0.125059
0.000010 0.964510 0.027716 0.007743 0.000010 0.000010
0.376286 0.000010 0.623674 0.000010 0.000010 0.000010
0.000010 0.000010 0.000010 0.999950 0.000010 0.000010
0.000010 0.000010 0.000010 0.000010 0.999950 0.000010
0.000010 0.136124 0.000010 0.761400 0.102446 0.000010
0.000010 0.000010 0.000010 0.000010 0.986949 0.013011
