A B C D E F G H I J K 
A 0.0240314 -0.00350317 -0.00415263 -0.00447033 0.00455822 -0.00371004 -0.0020152 -0.00291246 -0.000598374 -0.00392203 -0.00330541
B -0.00350317 0.0257996 0.00126215 0.00662823 -0.00375474 -0.0161664 -0.00420822 -0.0164458 0.00593766 0.00187831 0.00257239
C -0.00415263 0.00126215 0.0197993 0.00794377 0.00237351 -0.0160061 -0.00481137 -0.0161203 -0.00118292 0.00424454 0.00665001
D -0.00447033 0.00662823 0.00794377 0.0180533 -0.00344508 -0.0176597 -0.00484458 -0.0177523 0.00224753 0.00583936 0.00745975
E 0.00455822 -0.00375474 0.00237351 -0.00344508 0.0223259 -0.00747087 -0.00302851 -0.00696992 -0.0024736 -0.00217234 5.74623e-05
F -0.00371004 -0.0161664 -0.0160061 -0.0176597 -0.00747087 0.0834947 -0.00595927 0.0318549 -0.0159417 -0.0168338 -0.0156017
G -0.0020152 -0.00420822 -0.00481137 -0.00484458 -0.00302851 -0.00595927 0.0296352 -0.00696936 0.0021944 0.0042217 -0.00421477
H -0.00291246 -0.0164458 -0.0161203 -0.0177523 -0.00696992 0.0318549 -0.00696936 0.0840683 -0.0162736 -0.0167555 -0.0157241
I -0.000598374 0.00593766 -0.00118292 0.00224753 -0.0024736 -0.0159417 0.0021944 -0.0162736 0.0208215 0.00310422 0.00216487
J -0.00392203 0.00187831 0.00424454 0.00583936 -0.00217234 -0.0168338 0.0042217 -0.0167555 0.00310422 0.0177183 0.00267731
K -0.00330541 0.00257239 0.00665001 0.00745975 5.74623e-05 -0.0156017 -0.00421477 -0.0157241 0.00216487 0.00267731 0.0172641
